150
169
175
179
209
223
231
236
237
243
249
250
251
256
258
261
264
265
266
267
281
283
287
288
294
299
316
321
325
337
340
350
355
360
364
366
371
374
375
383
394
395
410
415
416
419
423
424
426
427
430
431
434
443
445
447
450
451
456
457
458
459
460
462
471
480
484
486
489
492
497
502
505
507
511
515
517
519
527
528
529
531
533
535
540
543
546
552
554
559
563
565
567
572
580
581
582
585
586
587
589
590
592
593
595
598
603
604
608
610
611
617
621
623
624
625
628
629
631
632
636
641
643
644
645
646
648
651
652
653
654
655
658
660
661
665
666
667
671
672
673
674
675
679
493
683
684
688
690
691
692
694
696
698
699
701
86
710
711
714
715
721
726
728
729
730
731
732
733
734
735
737
739
742
743
745
746
749
751
753
756
757
759
760
763
764
767
769
770
774
778
782
783
786
790
795
796
798
800
330
806
808
810
811
816
818
821
822
824
825
827
828
829
830
831
833
835
836
838
839
842
844
846
847
849
850
851
856
358
862
863
865
867
873
874
877
878
884
887
888
889
891
893
898
900
903
904
908
909
924
957
959
961
963
964
965
966
969
971
972
974
976
977
978
979
981
982
985
986
989
996
997
998
1002
1003
1008
335
1012
1013
1019
1020
1021
1022
1023
1024
627
1029
1030
1036
1039
1044
1045
1046
1050
1051
1052
1053
17
1057
1059
1060
1062
1063
1064
1066
1067
1070
1072
1073
1075
1076
1077
1080
1081
1083
1086
1087
1088
1090
1094
1098
1099
1102
1103
160
1107
1109
1110
1112
1114
1115
1116
1120
373
1127
1130
1133
1139
1141
1143
1144
1146
1147
1156
1159
1163
1165
1168
1170
1171
1172
1174
1176
1180
1181
1185
1187
1188
1189
1190
1192
1196
1197
1200
1201
1202
1206
80
1207
1208
1209
1213
1214
1216
1217
1219
1220
1225
1227
1229
1231
1232
1233
1239
1246
1247
1248
1250
1252
1255
74
1260
1262
406
1265
1267
1268
1270
1271
1272
1274
1276
1277
1278
1283
1286
1289
1297
1298
1302
1305
1310
1313
53
1318
1321
1327
1330
1331
1332
1333
1337
1339
1340
1341
1343
1344
1345
1349
1353
1354
1356
1359
1362
1363
1365
1369
1371
1373
1374
1375
1376
1380
1381
1385
1386
1387
1392
1395
1397
1403
1404
1405
1407
1409
1413
1414
1415
1417
1423
1425
1152
1426
1427
1430
1431
1435
1436
1439
1440
1441
1442
1443
1445
1448
1450
1452
1453
1454
1458
1460
1461
1462
1463
1464
1466
1470
1477
1479
1483
784
1488
860
1489
1491
1496
1497
1499
1500
1502
1506
1509
1512
1514
1516
1517
1518
1521
1522
1523
1526
1527
1532
1534
1537
1541
1544
23
1549
1551
1554
1555
1558
1560
1567
1572
1576
1547
1579
1580
1582
1584
1590
1592
1595
1600
1568
1604
1608
1618
1625
1553
1631
1632
1640
1642
1649
1651
0
1659
1660
1665
1667
719
1679
1680
1681
1683
1685
1686
1691
1693
1633
1695
1696
1697
1699
1702
1705
1707
1710
1712
1716
1717
1719
1721
1722
1723
1724
1726
1725
1720
1714
1711
1709
1708
1706
1703
1698
1692
1690
1689
1688
1682
1678
1676
1673
1672
1671
1669
1668
1666
1663
1662
1661
1657
1654
1650
1641
1635
1630
1626
1622
1601
1594
1586
1684
1687
