18
9
24
21
20
29
56
57
69
14
41
31
104
106
123
64
132
105
116
144
152
58
161
87
159
172
178
125
197
170
158
216
221
223
100
228
239
195
246
252
262
273
238
51
289
236
294
295
296
313
290
332
333
335
334
202
276
255
351
366
367
372
36
376
388
395
303
404
50
377
411
343
364
231
204
435
78
439
281
444
138
448
455
457
458
49
227
139
472
44
475
479
481
486
84
148
500
503
436
157
12
512
220
517
68
526
446
536
115
445
541
545
546
391
484
288
394
552
564
196
577
581
10
596
163
600
591
378
389
610
190
611
328
619
632
447
664
420
498
55
380
405
685
691
695
302
703
668
637
709
33
86
162
423
713
82
714
205
759
450
768
776
45
534
782
754
789
6
778
793
797
804
424
809
1
813
62
285
215
279
524
844
371
821
851
568
860
866
616
598
880
635
203
869
883
905
893
909
923
189
921
678
849
129
186
945
946
906
908
971
122
722
983
249
986
994
730
996
646
141
689
753
135
73
1011
786
299
1020
911
563
1022
309
855
1025
1027
831
17
1035
63
219
559
1045
1005
421
1057
604
724
671
803
160
496
878
191
1086
1088
1092
113
843
1094
93
71
1102
1024
1108
736
121
1117
153
1122
721
1144
521
794
1147
623
143
553
1113
1163
1165
1115
80
46
518
1138
1059
1198
998
1177
1187
1168
1112
467
1154
1217
977
1219
244
76
74
1149
1182
1235
692
828
245
720
1244
1245
1252
79
1263
1249
1221
1268
1277
1250
229
774
1195
1289
889
1223
210
1294
779
53
1300
8
1301
1232
792
1303
1242
1272
992
800
1308
1328
339
944
214
1015
1048
924
1356
914
767
1049
1297
1364
1324
1128
1367
1375
1355
1379
718
751
1394
927
1404
154
1142
1381
1389
811
232
346
1395
1322
1386
1344
1342
1267
773
1214
647
1012
1018
1436
1437
480
3
1425
1444
1410
1251
1453
1366
1398
732
1479
763
1078
1480
757
1123
1487
1380
1491
402
127
1415
67
1031
1505
1507
1137
816
1050
1519
1239
1484
1493
1534
1509
940
1537
1427
1518
1547
1416
1378
997
1572
1576
716
1553
1450
1183
1353
1571
1587
991
877
1562
1593
54
667
1373
1540
929
1255
1432
1494
1555
1596
1614
1591
939
1615
1100
1256
1631
1633
1017
515
1314
1607
987
727
982
1616
1663
188
1673
1674
876
1388
920
1638
1682
1570
233
744
1586
1693
1697
1709
1514
1590
1717
1718
1722
1651
1724
218
1419
1683
1213
1139
