0
0
0
0
110
0
0
0
0
0
0
0
0
0
0
0
0
0
0
0
0
347
0
0
0
0
0
0
0
0
0
0
0
0
0
0
0
0
0
0
0
0
0
4672
0
0
0
0
0
0
0
0
0
0
0
1831
0
0
0
0
0
0
6912
0
0
0
1024
0
7445
0
0
0
0
196
4735
0
7311
0
2533
0
6159
0
0
0
0
4170
4798
6542
0
4278
0
0
0
0
8072
6806
0
0
0
6929
5013
0
5885
0
9128
0
0
0
8335
0
0
0
0
0
0
5354
0
0
0
7690
0
0
5840
0
8693
0
0
4675
4289
0
8616
0
5978
0
0
4028
0
4917
3623
12477
5985
5342
0
0
0
8030
0
0
0
0
13743
12676
11022
5811
0
12932
0
5511
0
6330
0
0
14628
5134
0
0
0
15793
0
0
0
0
7541
0
16246
0
15065
5366
12286
11221
6324
0
9399
0
0
5631
0
0
4850
5421
0
4888
14092
0
0
0
0
0
0
14828
0
5021
0
16200
15220
0
0
0
0
0
17052
4873
0
14554
0
0
5125
0
7192
17160
6218
5042
8754
18907
0
4785
14651
0
0
9342
0
14447
3678
0
0
4189
20584
0
19768
16626
9867
0
0
12629
0
9080
6773
8002
5621
18434
11885
4354
18121
0
0
0
19854
5238
0
10197
20888
0
511
0
7495
20066
0
19463
0
4058
0
12570
7175
0
10518
20209
12128
0
0
0
0
22000
22641
6662
0
0
0
4020
0
0
0
0
14739
0
0
4884
0
19363
22875
22913
0
0
0
10685
8097
19716
10042
0
0
0
23603
0
0
0
0
0
0
20873
9972
0
0
7681
0
21446
0
10109
24631
0
25740
0
0
10196
0
0
0
6192
5091
0
0
19702
7705
22344
6170
5570
4188
0
4346
11673
5931
0
0
0
4600
0
0
0
0
6428
12518
0
9317
0
24760
5056
0
0
11853
7798
21205
25
0
0
0
0
0
12791
2706
7727
8080
7934
0
0
9659
28959
0
0
0
4191
0
0
0
14695
0
14360
7858
0
14655
7230
0
0
0
21654
27504
0
28913
9251
0
0
7340
6978
9134
0
5879
0
0
0
0
11920
0
1689
0
0
0
3768
11339
0
0
17021
0
552
7991
3849
0
0
11830
14206
0
0
30645
18396
4611
0
13403
7132
456
0
0
23
0
0
13609
0
10320
7631
0
0
12100
22493
6674
0
13073
18173
6666
0
0
29460
0
0
15934
5918
15140
0
0
0
14481
9395
0
0
0
0
3862
2463
0
0
0
0
0
15085
6294
0
10629
11907
