3
217
1
167
185
1
4
1
1
1.442
881
1.228
1
3
1
1.225
1
603
413
1
1
2.089
1
1.651
87
1
2
1.441
1
687
964
2
1
2
2.449
3
1
1.027
1
2
2
1
730
4.673
10
910
1
1
2
1
854
4
1
1
2
2.722
1.453
1.733
2
1
1
1
6.913
1
1
2
2.115
1
7.446
815
2
1.694
1.139
3.970
4.736
1
7.312
1
3.379
1
6.160
1
1
1
1
8.342
4.799
6.543
1
8.558
1
1
1
4
8.073
6.807
3
2
1.243
6.930
10.028
1
5.886
1
9.129
1
1.597
1
8.336
1.781
1
3
2
2.834
1.432
5.355
2.882
2
1
7.691
1
1
11.682
1
8.694
1
250
4.676
4.290
1
8.617
1
5.979
1
1
4.029
1
4.918
3.624
12.478
5.986
5.343
3
1
3
8.031
1
714
1.412
1
13.744
12.677
11.023
5.812
1
12.933
1
11.024
2
6.331
1
1
14.629
5.135
1
564
1
15.794
285
63
1
1
7.542
1
16.247
1
15.066
10.734
12.287
11.222
6.325
1
9.400
489
1
5.632
1
1
4.851
5.422
1
4.889
14.093
738
427
1
190
1
2
14.829
162
5.022
1.747
16.201
15.221
1
1
1.025
985
1
17.053
4.874
1
14.555
1
2
5.126
1
7.193
17.161
6.219
5.043
17.510
18.908
1
4.786
14.652
1
2.373
9.343
3
14.448
3.679
1
2
4.190
20.585
1
19.769
16.627
9.868
1
980
12.630
1
9.081
6.774
8.003
5.622
18.435
11.886
4.355
18.122
2
1
1
19.855
5.239
1
20.396
20.889
1
1.556
2
7.496
20.067
1
19.464
1
8.118
2
12.571
7.176
1
10.519
20.210
12.129
915
1
1
977
22.001
22.642
13.326
770
2.514
1
4.021
446
357
686
1.709
14.740
992
1
4.885
1
19.364
22.876
22.914
1.222
738
2
10.686
8.098
19.717
10.043
1
1
1
23.604
2
224
814
2
1
490
20.874
9.973
1.630
1
7.682
1.272
21.447
1
10.110
24.632
1
25.741
68
1.452
10.197
10
1.325
779
6.193
10.184
160
1
19.703
7.706
22.345
6.171
5.571
8.378
1
8.694
11.674
5.932
1.403
115
949
4.601
192
1
363
2
12.858
12.519
1
9.318
2
24.761
5.057
545
465
11.854
23.397
21.206
428
1.873
635
1.448
1.508
3.064
12.792
4.082
15.456
8.081
7.935
1
3
19.320
28.960
659
124
1.074
4.192
2
2.137
1.519
14.696
1
14.361
7.859
1
14.656
7.231
1
2.475
1
21.655
27.505
2.071
28.914
9.252
1
1
7.341
13.958
9.135
1
5.880
738
757
2
495
11.921
1
2.400
562
12
2.935
3.769
11.340
1
1
17.022
559
2.498
7.992
4.696
267
1
11.831
14.207
509
1
30.646
18.397
4.612
1.089
13.404
7.133
3.514
2.176
1.200
440
36
665
13.610
198
10.321
7.632
1
1
12.101
22.494
6.675
848
13.074
18.174
13.334
723
1
29.461
1
2
15.935
5.919
15.141
928
46
2.278
28.964
18.792
2.161
1
1
1
3.863
2.532
1
1
1
1.482
1
30.172
6.295
1.164
10.630
11.908
